   7.0588000e-02	
   2.9930000e-01	
   3.0779000e-01	
   3.1271000e-01	
   3.1633000e-01	
   3.1940000e-01	
   3.2216000e-01	
   3.2459000e-01	
   3.2683000e-01	
   3.2896000e-01	
   3.3085000e-01	
   3.3268000e-01	
   3.3442000e-01	
   3.3612000e-01	
   3.3778000e-01	
   3.3936000e-01	
   3.4094000e-01	
   3.4260000e-01	
   3.4427000e-01	
   3.4590000e-01	
   3.4750000e-01	
   3.4910000e-01	
   3.5074000e-01	
   3.5239000e-01	
   3.5406000e-01	
   3.5574000e-01	
   3.5746000e-01	
   3.5924000e-01	
   3.6101000e-01	
   3.6274000e-01	
   3.6447000e-01	
   3.6639000e-01	
   3.6833000e-01	
   3.7033000e-01	
   3.7234000e-01	
   3.7479000e-01	
   3.7723000e-01	
   3.7954000e-01	
   3.8189000e-01	
   3.8427000e-01	
   3.8677000e-01	
   3.8929000e-01	
   3.9185000e-01	
   3.9436000e-01	
   3.9686000e-01	
   3.9937000e-01	
   4.0194000e-01	
   4.0456000e-01	
   4.0727000e-01	
   4.0999000e-01	
   4.1274000e-01	
   4.1556000e-01	
   4.1844000e-01	
   4.2133000e-01	
   4.2425000e-01	
   4.2719000e-01	
   4.3000000e-01	
   4.3284000e-01	
   4.3569000e-01	
   4.3847000e-01	
   4.4119000e-01	
   4.4398000e-01	
   4.4703000e-01	
   4.4981000e-01	
   4.5276000e-01	
   4.5580000e-01	
   4.5877000e-01	
   4.6186000e-01	
   4.6484000e-01	
   4.6790000e-01	
   4.7111000e-01	
   4.7401000e-01	
   4.7699000e-01	
   4.7995000e-01	
   4.8288000e-01	
   4.8575000e-01	
   4.9217000e-01	
   4.9535000e-01	
   4.9835000e-01	
   5.0094000e-01	
   5.0369000e-01	
   5.0655000e-01	
   5.0946000e-01	
   5.1246000e-01	
   5.1530000e-01	
   5.1801000e-01	
   5.2072000e-01	
   5.2359000e-01	
   5.2646000e-01	
   5.2917000e-01	
   5.3218000e-01	
   5.3533000e-01	
   5.3835000e-01	
   5.4109000e-01	
   5.4380000e-01	
   5.4667000e-01	
   5.4962000e-01	
   5.5237000e-01	
   5.5521000e-01	
   5.5810000e-01	
   5.6103000e-01	
   5.6374000e-01	
   5.6679000e-01	
   5.7006000e-01	
   5.7323000e-01	
   5.7608000e-01	
   5.7945000e-01	
   5.8298000e-01	
   5.8609000e-01	
   5.8913000e-01	
   5.9278000e-01	
   5.9633000e-01	
   5.9973000e-01	
   6.0300000e-01	
   6.0618000e-01	
   6.0928000e-01	
   6.1229000e-01	
   6.1515000e-01	
   6.1801000e-01	
   6.2081000e-01	
   6.2354000e-01	
   6.2679000e-01	
   6.2961000e-01	
   6.3239000e-01	
   6.3532000e-01	
   6.3823000e-01	
   6.4098000e-01	
   6.4367000e-01	
   6.4650000e-01	
   6.4938000e-01	
   6.5215000e-01	
   6.5475000e-01	
   6.5787000e-01	
   6.6078000e-01	
   6.6357000e-01	
   6.6633000e-01	
   6.6904000e-01	
   6.7179000e-01	
   6.7458000e-01	
   6.7746000e-01	
   6.8018000e-01	
   6.8290000e-01	
   6.8591000e-01	
   6.8857000e-01	
   6.9130000e-01	
   6.9421000e-01	
   6.9710000e-01	
   7.0019000e-01	
   7.0326000e-01	
   7.0620000e-01	
   7.0934000e-01	
   7.1232000e-01	
   7.1515000e-01	
   7.1788000e-01	
   7.2081000e-01	
   7.2383000e-01	
   7.2676000e-01	
   7.2953000e-01	
   7.3233000e-01	
   7.3498000e-01	
   7.3760000e-01	
   7.4050000e-01	
   7.4312000e-01	
   7.4575000e-01	
   7.4866000e-01	
   7.5104000e-01	
   7.5341000e-01	
   7.5608000e-01	
   7.5885000e-01	
   7.6158000e-01	
   7.6412000e-01	
   7.6702000e-01	
   7.6972000e-01	
   7.7209000e-01	
   7.7491000e-01	
   7.7768000e-01	
   7.8026000e-01	
   7.8307000e-01	
   7.8605000e-01	
   7.8911000e-01	
   7.9207000e-01	
   7.9498000e-01	
   7.9794000e-01	
   8.0105000e-01	
   8.0438000e-01	
   8.0746000e-01	
   8.1045000e-01	
   8.1348000e-01	
   8.1652000e-01	
   8.1947000e-01	
   8.2253000e-01	
   8.2530000e-01	
   8.2800000e-01	
   8.3113000e-01	
   8.3384000e-01	
   8.3645000e-01	
   8.3902000e-01	
   8.4147000e-01	
   8.4407000e-01	
   8.4700000e-01	
   8.4988000e-01	
   8.5248000e-01	
   8.5492000e-01	
   8.5755000e-01	
   8.6019000e-01	
   8.6281000e-01	
   8.6533000e-01	
   8.6791000e-01	
   8.7057000e-01	
   8.7318000e-01	
   8.7588000e-01	
   8.7864000e-01	
   8.8113000e-01	
   8.8371000e-01	
   8.8639000e-01	
   8.8928000e-01	
   8.9211000e-01	
   8.9497000e-01	
   8.9799000e-01	
   9.0106000e-01	
   9.0447000e-01	
   9.0805000e-01	
   9.1152000e-01	
   9.1501000e-01	
   9.1857000e-01	
   9.2171000e-01	
   9.2501000e-01	
   9.2804000e-01	
   9.3090000e-01	
   9.3363000e-01	
   9.3636000e-01	
   9.3917000e-01	
   9.4189000e-01	
   9.4433000e-01	
   9.4679000e-01	
   9.4930000e-01	
   9.5211000e-01	
   9.5468000e-01	
   9.5715000e-01	
   9.5956000e-01	
   9.6204000e-01	
   9.6461000e-01	
   9.6706000e-01	
   9.6957000e-01	
   9.7218000e-01	
   9.7469000e-01	
   9.7716000e-01	
   9.7958000e-01	
   9.8199000e-01	
   9.8442000e-01	
   9.8705000e-01	
   9.8964000e-01	
   9.9219000e-01	
   9.9473000e-01	
   9.9733000e-01	
   1.0000000e+00	
