   1.1765000e-02	
   3.0394000e-01	
   3.1189000e-01	
   3.1667000e-01	
   3.2027000e-01	
   3.2321000e-01	
   3.2583000e-01	
   3.2815000e-01	
   3.3036000e-01	
   3.3245000e-01	
   3.3446000e-01	
   3.3641000e-01	
   3.3823000e-01	
   3.3996000e-01	
   3.4171000e-01	
   3.4353000e-01	
   3.4534000e-01	
   3.4707000e-01	
   3.4881000e-01	
   3.5052000e-01	
   3.5224000e-01	
   3.5401000e-01	
   3.5582000e-01	
   3.5768000e-01	
   3.5963000e-01	
   3.6155000e-01	
   3.6344000e-01	
   3.6538000e-01	
   3.6742000e-01	
   3.6952000e-01	
   3.7172000e-01	
   3.7419000e-01	
   3.7681000e-01	
   3.7921000e-01	
   3.8211000e-01	
   3.8518000e-01	
   3.8769000e-01	
   3.9023000e-01	
   3.9278000e-01	
   3.9530000e-01	
   3.9789000e-01	
   4.0052000e-01	
   4.0315000e-01	
   4.0584000e-01	
   4.0854000e-01	
   4.1124000e-01	
   4.1403000e-01	
   4.1691000e-01	
   4.1992000e-01	
   4.2314000e-01	
   4.2648000e-01	
   4.2973000e-01	
   4.3288000e-01	
   4.3595000e-01	
   4.3897000e-01	
   4.4178000e-01	
   4.4462000e-01	
   4.4748000e-01	
   4.5018000e-01	
   4.5305000e-01	
   4.5596000e-01	
   4.5882000e-01	
   4.6165000e-01	
   4.6448000e-01	
   4.6732000e-01	
   4.7020000e-01	
   4.7316000e-01	
   4.7625000e-01	
   4.7941000e-01	
   4.8255000e-01	
   4.8569000e-01	
   4.8866000e-01	
   4.9158000e-01	
   4.9449000e-01	
   4.9733000e-01	
   4.9988000e-01	
   5.0240000e-01	
   5.0529000e-01	
   5.0823000e-01	
   5.1112000e-01	
   5.1394000e-01	
   5.1684000e-01	
   5.1972000e-01	
   5.2273000e-01	
   5.2598000e-01	
   5.2935000e-01	
   5.3329000e-01	
   5.3681000e-01	
   5.3978000e-01	
   5.4274000e-01	
   5.4574000e-01	
   5.4861000e-01	
   5.5151000e-01	
   5.5441000e-01	
   5.5726000e-01	
   5.6000000e-01	
   5.6275000e-01	
   5.6557000e-01	
   5.6855000e-01	
   5.7139000e-01	
   5.7433000e-01	
   5.7753000e-01	
   5.8137000e-01	
   5.8546000e-01	
   5.8904000e-01	
   5.9254000e-01	
   5.9598000e-01	
   5.9885000e-01	
   6.0173000e-01	
   6.0460000e-01	
   6.0742000e-01	
   6.1033000e-01	
   6.1315000e-01	
   6.1587000e-01	
   6.1862000e-01	
   6.2139000e-01	
   6.2423000e-01	
   6.2730000e-01	
   6.3037000e-01	
   6.3355000e-01	
   6.3682000e-01	
   6.4013000e-01	
   6.4339000e-01	
   6.4649000e-01	
   6.4950000e-01	
   6.5236000e-01	
   6.5511000e-01	
   6.5822000e-01	
   6.6100000e-01	
   6.6371000e-01	
   6.6643000e-01	
   6.6913000e-01	
   6.7183000e-01	
   6.7452000e-01	
   6.7722000e-01	
   6.7992000e-01	
   6.8265000e-01	
   6.8554000e-01	
   6.8831000e-01	
   6.9110000e-01	
   6.9402000e-01	
   6.9702000e-01	
   6.9977000e-01	
   7.0242000e-01	
   7.0517000e-01	
   7.0797000e-01	
   7.1073000e-01	
   7.1339000e-01	
   7.1598000e-01	
   7.1865000e-01	
   7.2148000e-01	
   7.2413000e-01	
   7.2689000e-01	
   7.2979000e-01	
   7.3277000e-01	
   7.3584000e-01	
   7.3898000e-01	
   7.4213000e-01	
   7.4519000e-01	
   7.4800000e-01	
   7.5047000e-01	
   7.5275000e-01	
   7.5538000e-01	
   7.5802000e-01	
   7.6061000e-01	
   7.6319000e-01	
   7.6578000e-01	
   7.6838000e-01	
   7.7100000e-01	
   7.7366000e-01	
   7.7637000e-01	
   7.7938000e-01	
   7.8265000e-01	
   7.8614000e-01	
   7.8971000e-01	
   7.9304000e-01	
   7.9586000e-01	
   7.9856000e-01	
   8.0124000e-01	
   8.0392000e-01	
   8.0650000e-01	
   8.0903000e-01	
   8.1151000e-01	
   8.1403000e-01	
   8.1651000e-01	
   8.1891000e-01	
   8.2151000e-01	
   8.2419000e-01	
   8.2686000e-01	
   8.2992000e-01	
   8.3298000e-01	
   8.3592000e-01	
   8.3876000e-01	
   8.4147000e-01	
   8.4421000e-01	
   8.4705000e-01	
   8.4955000e-01	
   8.5207000e-01	
   8.5462000e-01	
   8.5707000e-01	
   8.5952000e-01	
   8.6201000e-01	
   8.6449000e-01	
   8.6697000e-01	
   8.6940000e-01	
   8.7190000e-01	
   8.7445000e-01	
   8.7735000e-01	
   8.8017000e-01	
   8.8289000e-01	
   8.8549000e-01	
   8.8810000e-01	
   8.9069000e-01	
   8.9314000e-01	
   8.9554000e-01	
   8.9792000e-01	
   9.0043000e-01	
   9.0296000e-01	
   9.0552000e-01	
   9.0798000e-01	
   9.1042000e-01	
   9.1285000e-01	
   9.1538000e-01	
   9.1797000e-01	
   9.2054000e-01	
   9.2332000e-01	
   9.2619000e-01	
   9.2895000e-01	
   9.3176000e-01	
   9.3444000e-01	
   9.3694000e-01	
   9.3940000e-01	
   9.4184000e-01	
   9.4424000e-01	
   9.4654000e-01	
   9.4878000e-01	
   9.5126000e-01	
   9.5375000e-01	
   9.5618000e-01	
   9.5861000e-01	
   9.6105000e-01	
   9.6369000e-01	
   9.6652000e-01	
   9.6954000e-01	
   9.7268000e-01	
   9.7561000e-01	
   9.7835000e-01	
   9.8099000e-01	
   9.8351000e-01	
   9.8594000e-01	
   9.8833000e-01	
   9.9064000e-01	
   9.9298000e-01	
   9.9538000e-01	
   9.9770000e-01	
   1.0000000e+00	
