   3.9215686e-02	
   2.4365692e-01	
   2.5232353e-01	
   2.5804521e-01	
   2.6263174e-01	
   2.6710093e-01	
   2.7042865e-01	
   2.7321851e-01	
   2.7578326e-01	
   2.7817426e-01	
   2.8046855e-01	
   2.8271942e-01	
   2.8481998e-01	
   2.8714400e-01	
   2.8997115e-01	
   2.9232734e-01	
   2.9460929e-01	
   2.9677693e-01	
   2.9897214e-01	
   3.0120578e-01	
   3.0336210e-01	
   3.0547895e-01	
   3.0756157e-01	
   3.0963613e-01	
   3.1195910e-01	
   3.1436036e-01	
   3.1693394e-01	
   3.1936726e-01	
   3.2177795e-01	
   3.2457327e-01	
   3.2728636e-01	
   3.3010171e-01	
   3.3350118e-01	
   3.3754725e-01	
   3.4066951e-01	
   3.4355837e-01	
   3.4653911e-01	
   3.4963470e-01	
   3.5255401e-01	
   3.5558070e-01	
   3.5883565e-01	
   3.6221428e-01	
   3.6557574e-01	
   3.6897704e-01	
   3.7214075e-01	
   3.7532818e-01	
   3.7845696e-01	
   3.8160567e-01	
   3.8483694e-01	
   3.8802418e-01	
   3.9143844e-01	
   3.9590803e-01	
   3.9994168e-01	
   4.0318089e-01	
   4.0636708e-01	
   4.0953659e-01	
   4.1272715e-01	
   4.1596971e-01	
   4.1914202e-01	
   4.2211288e-01	
   4.2563841e-01	
   4.2945404e-01	
   4.3288304e-01	
   4.3604194e-01	
   4.3900279e-01	
   4.4217088e-01	
   4.4548644e-01	
   4.4866187e-01	
   4.5179981e-01	
   4.5554028e-01	
   4.5992596e-01	
   4.6360197e-01	
   4.6699155e-01	
   4.6964293e-01	
   4.7257864e-01	
   4.7588823e-01	
   4.7934426e-01	
   4.8231908e-01	
   4.8561128e-01	
   4.8964125e-01	
   4.9328930e-01	
   4.9637896e-01	
   4.9909588e-01	
   5.0151645e-01	
   5.0459019e-01	
   5.0767301e-01	
   5.1069256e-01	
   5.1380436e-01	
   5.1796838e-01	
   5.2201261e-01	
   5.2500549e-01	
   5.2812772e-01	
   5.3115128e-01	
   5.3414955e-01	
   5.3731811e-01	
   5.4036167e-01	
   5.4316015e-01	
   5.4591641e-01	
   5.4879175e-01	
   5.5194363e-01	
   5.5504649e-01	
   5.5802468e-01	
   5.6087157e-01	
   5.6375196e-01	
   5.6664015e-01	
   5.6966729e-01	
   5.7306760e-01	
   5.7690957e-01	
   5.8036479e-01	
   5.8344150e-01	
   5.8647251e-01	
   5.8944828e-01	
   5.9236880e-01	
   5.9527367e-01	
   5.9822539e-01	
   6.0134991e-01	
   6.0472431e-01	
   6.0813236e-01	
   6.1123015e-01	
   6.1421857e-01	
   6.1716003e-01	
   6.2004752e-01	
   6.2277708e-01	
   6.2546599e-01	
   6.2839362e-01	
   6.3207851e-01	
   6.3575929e-01	
   6.3882158e-01	
   6.4181122e-01	
   6.4471339e-01	
   6.4757131e-01	
   6.5051134e-01	
   6.5322277e-01	
   6.5590544e-01	
   6.5861296e-01	
   6.6159845e-01	
   6.6471650e-01	
   6.6774437e-01	
   6.7052377e-01	
   6.7339458e-01	
   6.7618880e-01	
   6.7891401e-01	
   6.8155416e-01	
   6.8467958e-01	
   6.8802314e-01	
   6.9113961e-01	
   6.9382416e-01	
   6.9656684e-01	
   6.9935449e-01	
   7.0218923e-01	
   7.0506431e-01	
   7.0784060e-01	
   7.1069420e-01	
   7.1384782e-01	
   7.1710770e-01	
   7.1995605e-01	
   7.2261960e-01	
   7.2513897e-01	
   7.2784271e-01	
   7.3061242e-01	
   7.3343115e-01	
   7.3626050e-01	
   7.3979557e-01	
   7.4314855e-01	
   7.4604878e-01	
   7.4869038e-01	
   7.5085132e-01	
   7.5294478e-01	
   7.5577682e-01	
   7.6394559e-01	
   7.6258590e-01	
   7.7102751e-01	
   7.7409914e-01	
   7.7681359e-01	
   7.7921757e-01	
   7.8156414e-01	
   7.8385584e-01	
   7.8675314e-01	
   7.8942841e-01	
   7.9175049e-01	
   7.9479961e-01	
   7.9756823e-01	
   8.0006511e-01	
   8.0343100e-01	
   8.0603882e-01	
   8.0851016e-01	
   8.1096238e-01	
   8.1343189e-01	
   8.1590112e-01	
   8.1828256e-01	
   8.2090495e-01	
   8.2382127e-01	
   8.2666411e-01	
   8.2893039e-01	
   8.3097601e-01	
   8.3380314e-01	
   8.3643861e-01	
   8.3870273e-01	
   8.4125090e-01	
   8.4384768e-01	
   8.4635682e-01	
   8.4868151e-01	
   8.5093455e-01	
   8.5337286e-01	
   8.5588780e-01	
   8.5852464e-01	
   8.6176594e-01	
   8.6429821e-01	
   8.6650138e-01	
   8.6897900e-01	
   8.7145333e-01	
   8.7388148e-01	
   8.7645326e-01	
   8.7907252e-01	
   8.8168359e-01	
   8.8417343e-01	
   8.8666224e-01	
   8.8939788e-01	
   8.9177942e-01	
   8.9401507e-01	
   8.9667537e-01	
   8.9933827e-01	
   9.0197849e-01	
   9.0411131e-01	
   9.0632584e-01	
   9.0894029e-01	
   9.1135400e-01	
   9.1366869e-01	
   9.1636764e-01	
   9.1907208e-01	
   9.2173290e-01	
   9.2390591e-01	
   9.2621059e-01	
   9.2886958e-01	
   9.3099312e-01	
   9.3297952e-01	
   9.3538138e-01	
   9.3785575e-01	
   9.4027697e-01	
   9.4255757e-01	
   9.4475506e-01	
   9.4739800e-01	
   9.5003403e-01	
   9.5253886e-01	
   9.5501454e-01	
   9.5768058e-01	
   9.6091368e-01	
   9.6381911e-01	
   9.6687206e-01	
   9.7003343e-01	
   9.7324767e-01	
   9.7644998e-01	
   9.8102765e-01	
   9.8620746e-01	
   9.9182939e-01	
   1.0000000e+00	
